303760702
412884642
-613791279
386479976
815909926
-345696608
667997330
741908315
813847503
-932238117
168859159
400242716
892324093
-924223576
966574635
-656874958
-539428184
-336321002
-113853950
-974483337
-783705335
-933811823
-152935885
-485748749
-19835365
820231884
151333636
-648934587
-261929618
55489820
511593597
-974686490
-156207876
935058501
-698371578
76080711
859199296
221626491
-614990514
277232588
-780153199
-836568636
-235312785
699200498
-355249399
-272218941
951915100
-450495500
-202215992
640389892
-772350286
-243344436
691552661
37627876
-787965799
16618514
-372352128
740056432
-147124348
-804080600
258917281
-28824374
61919433
95842114
317447579
538336438
509714986
-600794599
-134802180
523203557
-224130151
-302279939
-508822863
-283260846
457470510
266209222
-367390806
511632031
31765313
579968317
825949250
866614196
349963058
861218335
-295108636
-169863046
-469272998
186944360
291391312
622965713
214424284
-651694934
-644966385
-175772697
-615738823
-427210913
565936326
128827510
287848034
-550963799
823834238
675723054
-276986084
-836088121
-767436845
-285887541
648423336
603640735
874100934
-304578476
-274212588
-80186801
456451717
-200499389
710259366
-624918348
-819066477
-517356397
-54956801
-857260855
879390021
494892054
-169063151
-778972650
858198569
890902699
897822712
211083833
548342481
-631555892
205073472
664157135
385384756
-309302148
242439823
-242810575
-490360150
49924143
404934476
766914909
982764129
-449162644
390801571
-204512928
341890576
898803129
935634972
439986443
671343906
652427378
533759334
-540152715
275637793
291875798
-567455145
-992861745
-113118355
-728162246
373622669
984034775
-128027600
-756476614
974091205
527187771
773194881
-254349711
202930442
146845612
-576843772
-520161672
582489577
-932489690
93720121
324637771
-106839402
859330284
-338770782
206632103
-97023926
-221825542
-357315868
829453044
-961878128
191556407
459815125
-464137008
-965791095
-776423257
-158953340
-191574953
-722013608
-267499560
-835525952
-325739167
-88290261
-154691682
723414853
446968130
839644157
-20615785
45658058
8258159
-381430865
203093173
-545527924
-495221590
-783331232
619638933
47322793
-808347056
-90146127
321312230
-967416649
-290467807
-180958062
-838556895
937033277
619736455
-643029085
-459560823
-406815595
361150003
-41714958
131817750
-29225969
-954288935
-966075252
-842144635
-199536330
-87670959
-525232030
349986442
942069270
-370486306
-234260812
397021060
-952978897
542759073
-893206430
-770281382
-332233140
132155518
-352299705
-726073315
-598253922
966141066
-415102312
119971406
-127646823
701478801
-448469037
270782874
-785906931
642653482
245559985
292730423
-765114567
46665991
-696370185
-822891957
877734393
-925133945
-52125310
510339307
191103884
-145189134
-369293952
-371590587
19100341
-234420415
-890612154
-153256199
702477755
111194784
819303109
395026801
93689248
698600302
-84491332
133683476
-10430851
450685718
-193512583
16557045
-162639242
711088173
386155838
-817300302
-411021684
804109309
265589706
-527831407
-99413424
812127248
33567375
444324711
-394139399
936861708
-323773694
-339135372
-729624715
31051270
892742302
541432868
-767719448
990131570
274151644
107333132
-878414607
918080699
964009574
122912546
-170339595
322817592
411482838
-635316725
365508783
-577410172
-262751921
99763941
-465890749
-183393533
-292465243
-973574399
-197752306
45993146
-882941726
-621267349
-265831276
-791056495
242753130
503450366
468042890
-913315836
492469968
-908924696
558088334
715054147
-885796113
992613899
-745083957
-904430082
-71158456
34255408
171883766
112744515
848536638
703497994
-788777558
-375108612
38692323
619699865
-735165236
934984320
970603181
-867888030
-770822158
843569273
650918158
2271130
-854684946
-807998833
-948422873
-379565010
332065065
598377296
319777488
280455611
199600492
42233856
586073113
-805106199
-652001357
440317898
386232189
139904660
303548243
-421578873
920765423
-137069754
333643331
-928839866
519148078
399691189
972995544
551057616
-247324678
402889587
-992736029
-500009580
868465192
452024327
-914263708
-597556070
-523055985
-886847959
-743186859
-43780337
-114435067
-949555445
152411879
812271097
-438603815
-805726378
76723605
-776252919
-364777519
-285583246
480836131
643048294
-523126826
-264026025
72573501
57581218
575484003
-880139333
759894347
-181149371
-15330120
221044980
-800350974
446396709
-517474287
-697545033
619460125
714707635
-738943702
-733227607
-353296018
728789553
657299211
-171809918
792352021
617121214
-145486988
470512150
-446629791
947326190
101271463
-244240035
-719504754
-888801452
-305254194
-615340360
-245004090
953729934
-671217779
230023073
-620153848
-759067594
-812522088
998692461
66037867
438870526
-76657225
-306142137
191342383
949374031
-539611696
-401802656
926133511
919313359
-255849862
308048364
435226547
-648501226
761618704
-709831708
641495479
47546571
346442782
201563727
-990370208
-464013515
-726178560
499834708
354202072
-902633032
31171977
689883417
-925605303
-829439896
-324313117
696391515
-69226286
688797098
936084224
756884733
691587176
216078767
839259362
105843720
-928197440
-277817291
265669040
-562267373
839604396
12935428
-461844025
269941865
